---- LAYER 0
  * Weights(16, 20)
[[-0.31486272  0.69479448  0.42586299  0.15432369 -0.61938265 -0.72366368
  -0.87498058  0.65346685  0.13215482  0.31376204 -0.84458244  0.72544568
   0.57979843 -0.59868804 -0.86510046 -0.44811854 -0.25306699  0.04842617
  -0.12605461 -0.62303937]
 [-0.0704521  -0.69099049 -0.20531073 -0.26634129  0.02811129  0.57651296
  -0.33573679  0.16534186  0.31881212 -0.75230339  0.54684546 -0.60675108
  -0.85252508  0.91595738  0.88550737  0.46227776 -0.29185498 -0.63915485
   0.41770605 -0.0231907 ]
 [-0.72167442  0.02507633 -0.83230543  0.86287638 -0.33858626  0.5366019
  -0.11372076  0.09995665  0.08023351 -0.72463621  0.77519804  0.37451643
   0.79438637  0.69533757  0.48825023  0.50979347 -0.67907313 -0.42830834
  -0.70671251 -0.47815617]
 [-0.32581115 -0.09140219  0.61649208 -0.3582406  -0.49606736  0.03373595
  -0.77621526  0.31938101 -0.95139647  0.79506684  0.41324959 -0.71695382
  -0.95531338  0.61469349  0.48231778  0.05828432  0.28188429 -0.85610801
  -0.31323071 -0.74035991]
 [ 0.38707142  0.50533289 -0.16202709 -0.90901176 -0.24787609 -0.14107999
   0.54744995  0.51959249  0.83549908  0.02916315 -0.50781312  0.46066786
   0.45843062  0.02600552  0.55799328 -0.34113734  0.05781743 -0.06271866
  -0.76204683 -0.65591269]
 [-0.84170583  0.25725429 -0.48546778  0.01354774  0.75654273 -0.38720203
  -0.36337312  0.59333425 -0.61170536 -0.72618549 -0.31419378 -0.50674996
   0.78894594  0.57950055  0.3752795   0.42065533  0.46173137 -0.75866197
   0.81851146  0.26707016]
 [ 0.10589187  0.79861762 -0.4073739  -0.91596162 -0.57087533 -0.32948261
   0.34050332  0.61620895 -0.82361434  0.13002427  0.08755359 -0.40814044
  -0.77703566 -0.29067265  0.60697335 -0.31110287  0.02971988  0.16224339
  -0.39670726  1.09693092]
 [ 0.46895763 -0.11195798  0.11264918 -0.4369773  -0.42017618 -0.83069538
   0.26838909  0.14122742 -0.79750446 -0.18149069  1.07448764 -0.28724088
  -0.66907232 -0.06668823  0.90321759 -0.35557807  0.36138349  0.51580259
  -0.47591278  0.66311341]
 [-0.23326646  0.28545451  0.57232928  0.19596955 -0.78127906  0.31884732
  -0.12427538 -0.65193051 -0.67255758  0.26573528  0.38090283 -0.81021783
   0.25517908 -0.27733824  0.26596734 -0.16429874  0.49230791  0.00904813
   0.6801956  -0.63464846]
 [-0.66013977 -0.65134342  0.80175143  0.47908252 -0.47920791  0.36330746
   0.41732124  0.08630774  0.04449223 -0.50968525 -0.44783914  0.6910442
   0.72698587  0.09197439 -0.64534969 -0.40079187  0.28387682  0.59311992
   0.80559429  0.55739876]
 [ 0.29370141 -0.7033715  -0.51565354  0.88471658  0.28313657 -1.09702246
  -0.7208113   0.33484541 -0.98446682 -0.78804208  0.0476992   0.35462652
   0.40632994 -0.46683274  0.30727031 -0.09515996 -0.20501284  0.65812621
   0.25397578  0.60177258]
 [ 0.26962833  0.14105849 -0.64306636 -0.16695837 -0.27059142 -0.58444882
   0.87711556 -0.25634431  0.78039893  0.12501215  0.48325015  0.04976268
   0.10525978  0.06251958 -0.47534018  0.3394466  -0.30485551 -0.80768376
   0.33641291 -0.58407315]
 [ 0.99400336  0.67092222  0.78889213 -0.29098726 -0.96208954  0.57602478
  -0.23935266  0.59810385  0.86563787  0.58632037 -0.48472349 -0.27484964
   0.71557127 -0.26150733 -0.79840889  0.3043265   0.84301191  0.37884202
  -0.01829684 -0.83061484]
 [ 0.5850436   0.54029585 -0.82640229 -0.04505952  0.73969554  0.40143404
   0.42642952  0.31641125 -0.30695756 -0.60762006  0.40485203  0.28848379
   0.69985166  0.79413971  0.00177136 -0.0087499   0.48495612  0.27144033
   0.35936722  0.268108  ]
 [ 0.59177181 -0.36354641 -0.38754194 -0.86724765 -0.02251313 -1.11771823
  -0.17277407  0.10437147 -0.26729478  0.58752235 -0.61521276 -0.58436597
   0.67147662 -0.15276471 -0.77332841  0.2775519   0.35105853 -0.80025456
   0.04158738 -0.52123172]
 [-0.70888876 -0.20503252 -0.13954608  0.32504566  0.39008539  1.09317311
  -0.09448289 -0.32569038  0.35078831 -0.51318867 -0.08473065 -0.89126396
  -1.02918374  0.84583857  0.54941722  0.42913757 -0.07222582 -0.73248718
  -0.65110286 -0.60062878]]
  * Biases(16, 1)
[[ 0.20814612]
 [ 0.29873534]
 [ 0.28981505]
 [-0.42532398]
 [ 0.59646748]
 [ 0.26734728]
 [ 0.05450435]
 [ 0.00347055]
 [-0.04391329]
 [-0.65081591]
 [-0.04714781]
 [ 0.68063316]
 [-0.70067603]
 [-0.58795896]
 [-1.19936941]
 [-0.75979806]]
  * Activations(16, 200)
[[-0.89199828 -1.60235898  0.4090985  ... -1.63728041 -0.93695006
   2.68660418]
 [ 1.35700939  2.1404125   0.45918414 ...  2.01380586  1.56861636
  -3.70100565]
 [-1.25639061 -1.25736841  3.31998152 ... -0.98477575 -0.67786982
  -0.05166828]
 ...
 [-0.46419143 -0.07500269 -1.50496536 ... -0.37372644 -1.05945475
  -0.33067492]
 [-0.52649238 -1.61146659  0.9325497  ... -1.11131852 -0.41201976
   1.11021593]
 [ 0.72360378  1.22067218  0.27770949 ...  1.94443737  1.04712642
  -5.00490711]]
---- LAYER 1
  * Weights(8, 16)
[[ 0.06818638  0.40798229 -0.22890864 -0.76546798 -0.11620393 -0.22201325
  -0.39623473  0.32913996  0.09255442  0.26157951  0.1858984  -0.80206653
  -0.28460106  0.11022436  0.3636154   0.38405021]
 [ 0.02949486 -0.4828426  -0.15594545  0.29168078 -0.64452571  0.50337725
   0.47582757 -0.04001143 -0.27992946 -0.15006165 -0.08973163  0.50997127
   0.49601934 -0.33793603  0.4484609   0.54216254]
 [-0.48019209 -0.77576371 -0.64288114 -0.68256259 -0.53648741  0.31878141
  -0.97011926 -0.16313093  0.28548502 -0.72921523  0.78030649 -0.5758537
  -0.6577047   0.30685003  0.33602905  0.56310808]
 [ 0.53965554  0.78419484 -0.44519718  0.07840492  0.1218122   0.21517566
   0.94179945 -0.02793421 -0.11318724  0.76249853 -0.13031197  0.51617601
   0.52038264 -0.21570707  0.2722049   0.41626107]
 [-0.41273083  0.46159838 -0.58536632  0.25351349 -0.43461389  0.30992643
   0.4276329  -0.69662296  0.47156555 -0.30861132  0.12998276  0.44852354
   0.74957649  0.27660246  0.77114475 -0.23297493]
 [-0.01940918 -0.44724247 -0.15362962  0.16098465  0.11939811  0.47460778
  -0.12430515  0.04014066 -0.33492264  0.31294661  0.28445326  0.07134698
  -0.41545139 -0.4548058  -0.6056649   0.41176107]
 [-0.17512365 -0.26780478 -0.17267417  0.51365244 -0.38842235  0.66838439
   0.15675021 -0.32372462 -0.35098307  0.24702119 -0.46614147  0.13846665
   0.15061508  0.2439542   0.71776518  0.29312878]
 [-0.08036211 -0.69010813  0.52084587  0.43367224 -0.25386839  0.23275557
  -0.36509059 -0.10708225 -0.71511185 -0.08734658 -0.6426162  -0.88172979
  -0.79896465  0.39847614  0.27983821  0.24516785]]
  * Biases(8, 1)
[[ 1.02481323]
 [-0.09726663]
 [-0.33761827]
 [ 0.60205821]
 [-0.52907665]
 [ 0.95537122]
 [-0.95812726]
 [ 0.65589801]]
  * Activations(8, 200)
[[ 3.0225255   3.51704863  0.87390696 ...  3.37028334  2.78917836
  -2.96018352]
 [-1.51875508 -2.28294501 -0.16514163 ... -1.0210256  -1.45377007
  -0.28472601]
 [ 2.70093072  3.05347704  1.68197671 ...  4.33754133  2.68250993
  -3.54732458]
 ...
 [ 1.75718479  2.4210229   2.31361971 ...  3.42152372  2.34696799
  -1.24554592]
 [-2.02293417 -2.5714633  -2.05536155 ... -1.13554404 -2.19859938
  -3.75956743]
 [-1.59815617 -1.37633765  1.48012879 ...  0.43086285 -0.86338613
  -1.5210495 ]]
---- LAYER 2
  * Weights(16, 8)
[[-0.88944839  0.74639011 -0.02401086  0.81837008 -0.42979814  0.26965556
   0.3131552   0.11530095]
 [ 0.38324106  0.53894856  0.06959965  0.20780795  0.32040562  0.37443132
  -0.61704646 -0.40013372]
 [ 0.36029473  0.62231389 -0.31840301 -0.1424659  -0.33014296 -0.05167462
  -0.13078793 -0.05950652]
 [-0.05413312 -0.60960645  0.51930154  0.79111638  0.13036549 -0.4870979
  -0.12175099  0.36241388]
 [ 0.32521449 -0.38218795  0.5926694   0.52424735  0.32150686  0.10463267
   0.3644778  -0.07601934]
 [ 0.59632629  0.75357724 -0.91586887 -1.04256431 -0.57421834  0.56888535
   0.25469473 -0.68568232]
 [ 0.14653166  0.17512513  0.87013187  0.65151472  0.46502051 -0.0138643
  -0.06349416 -0.32776367]
 [-0.77273517  0.48922977  0.56689455  1.20703294  0.29740483  0.0862551
   0.36828274  0.6183032 ]
 [ 0.73861256 -0.23628015 -0.351006   -0.30077425  0.50917597  0.05662597
  -0.61783605  0.14678999]
 [ 0.24663192  0.0215664  -0.64139097  0.18580839  0.37275963  0.23958304
   0.12049379  0.52763305]
 [ 0.16626877  0.02934717  0.15416833  0.12379972 -0.20666906 -0.45018679
  -0.08809397  0.53285226]
 [ 0.83670692 -0.20297246 -0.52651914 -0.61906252 -0.27679692 -0.02429445
   0.02591539 -0.17422202]
 [ 0.40666209 -0.2854989  -0.20398206  0.047761    0.18586146 -0.40962991
   0.31065773  0.59718734]
 [-0.41029011  0.4623005  -0.22130937 -0.27603647  0.12659533  0.57432501
   0.0069595  -0.27778212]
 [ 0.43680995 -0.46056498 -0.74217912 -0.40360814 -0.43083376 -0.57329221
  -0.21681442  0.29684399]
 [-0.44950799  0.1156611   0.47753287  0.11084304  0.03187684 -0.36376341
  -0.27467784 -0.30959304]]
  * Biases(16, 1)
[[-0.39522983]
 [-0.42685387]
 [-0.57205724]
 [-1.04516432]
 [-0.70942362]
 [-0.05582225]
 [-0.42398578]
 [-0.50133162]
 [ 0.18693768]
 [ 0.33707803]
 [-0.69050699]
 [ 0.57001591]
 [ 0.24544541]
 [-0.95278197]
 [ 0.60837446]
 [ 0.8523413 ]]
  * Activations(16, 200)
[[-4.29198358e+00 -5.15509727e+00 -1.63320564e+00 ... -3.33017390e+00
  -3.77963581e+00  1.95558586e-03]
 [ 2.96750986e+00  3.08731932e+00  2.41355063e-01 ...  2.47386593e+00
   2.54203619e+00 -3.55994508e-01]
 [-1.30002307e+00 -1.50708503e+00  3.02696553e-01 ... -1.45310130e+00
  -1.00280117e+00  7.40260355e-01]
 ...
 [-2.17645497e+00 -2.52718696e+00 -6.57465827e-01 ... -2.03405039e+00
  -1.91777595e+00  7.69871064e-01]
 [-9.37634629e-01 -5.70652581e-01  1.27839932e+00 ... -2.36315014e+00
  -5.39249854e-01  4.48601841e+00]
 [ 1.11379874e+00  7.84186800e-01  2.12057210e-01 ...  2.60235602e-01
   7.44210756e-01  2.19860876e+00]]
---- LAYER 3
  * Weights(20, 16)
[[-0.38351434 -0.32385458  0.70162573  0.37404174 -0.46709939 -0.34335333
  -0.06673565  0.53002132  0.22097364  0.08737461 -0.25132577  0.24949756
  -0.54011627 -0.58201562 -0.03961315  0.51958942]
 [ 0.19489196 -0.11511948 -1.00471011  0.30117591  0.39229656 -0.4371821
  -0.46961863 -0.50580544 -0.80942886 -0.22680396 -0.41169529 -0.22897672
  -0.37641868  0.65349472  0.12093106 -0.07068541]
 [ 0.40624289  0.36984041 -0.49789689  0.00131877  0.35157183  0.46594958
   0.38916113 -0.5045118  -0.18190872 -0.21223368  0.03692576 -0.0324969
  -0.15938122  0.77483889  0.05883843 -0.21564701]
 [-0.47827451 -0.64749855 -0.66441602 -0.14717281  0.1164718  -0.28413974
  -0.18832329  0.7071589  -0.59038542  0.08490029 -0.28936898  0.80412775
  -0.33594064 -0.33665721  0.38215669  0.41337964]
 [ 0.79361607 -0.21625321 -0.525244    0.24754592  0.29474373  0.01074598
  -0.2415261  -0.37893281  0.41322061 -0.36129147 -0.15485287 -0.04089833
  -0.07805806 -0.3879398  -0.34908858  0.06455566]
 [-0.33472255 -0.00543659 -0.2375248  -0.14805953  0.27448844 -0.66535682
  -0.13173849 -0.24865213 -0.64768463  0.91540615 -0.03269219  0.27191292
  -0.21231304  0.22608645  0.16432718  0.00948645]
 [ 0.06789906 -0.37001298 -0.39290686  0.88631738  0.58092031  0.73837115
  -0.86947096  0.37003268  0.47724931 -0.7372236  -0.62546843  0.53112745
   0.05524353  0.60200463 -0.62279607  0.5694357 ]
 [-0.53484894 -0.48405972 -0.50307154  0.47269594  0.23657415  0.1600374
  -0.2257636   0.50068796 -0.16872511  0.49927033 -0.25550232 -0.25442095
  -0.37222768 -0.28729778  0.57067675  0.13794356]
 [-0.02905223  0.78996751  0.03640811  0.1169797   0.72421633  0.41295112
  -0.68249977  0.85872649 -0.03196838 -0.59569838 -0.3580406   0.38120432
   0.22945717  0.1141258   0.63301015  0.54734889]
 [-0.48783457 -0.43932689 -0.14903105  0.40255379 -0.99744093  0.15030891
   0.77857739  0.7010739  -0.35112768  0.13621452 -0.22861982  0.42468292
  -0.62539471 -0.4829398   0.3347029  -0.3907531 ]
 [-0.75567713  0.40649847  0.50134314 -0.0486526   0.13925964  0.04419669
  -0.54906055 -0.32741717 -0.35001822  0.86993638  0.24429886 -0.17807371
   0.03693049  0.75064221 -0.59742609  0.24860992]
 [ 0.06273623 -0.12324137 -0.61017725  0.35099992  0.46406939  0.44003057
  -0.02381563  0.88859498  0.31186497 -0.50422334  0.46349012  0.27452192
   0.15602963  0.44765407  1.14949505  0.57602964]
 [-0.26604219 -0.82378526  0.72993746  0.61241035 -0.77114897  0.72826717
   0.5673056   0.15102887  0.14150756 -0.10222308 -1.02622453 -0.27171638
   0.3298618  -0.65470205 -0.28531556 -0.27310094]
 [ 0.04311649  0.65936053 -0.40858211 -0.38858157  0.42488862 -0.10026441
  -0.70376966 -0.04589964 -0.64500423 -0.66154923  0.04090733 -0.16555753
   0.73120473 -0.21207252  0.13573133  0.20864371]
 [-0.85696867  0.29761485 -0.26899438  1.06486454 -0.64770741 -0.11131338
  -0.63931117  0.66134878  0.04213558  0.00919569 -0.53229269  0.41762573
  -0.46964965  0.6751634  -0.46730912 -0.58152211]
 [-0.7070791   0.00234159  0.36792802 -0.7811398   0.31511084 -0.11489599
  -0.07269774 -0.22909346 -0.27512887  0.04921681 -0.42953761 -0.65171209
   0.63059953  0.86405716 -0.01466686 -0.45864777]
 [-0.13341275 -0.30470195 -1.01539343 -0.77366479  0.69929838  0.04479794
  -0.51260813 -0.39021471 -0.53857828  0.08788993 -0.96637293 -0.90831469
   0.56389018 -0.83012821  0.04973645 -0.03542127]
 [-0.44638611 -0.88156363  0.38544223  0.45262579  0.27741183  0.14227854
  -0.14919994 -0.69217416 -0.88159539  0.69937362 -0.67291975 -0.70585912
  -0.65713476 -0.60911957 -0.51311897 -0.03231946]
 [-0.03499568  0.37683412  0.02623731 -0.04315831  0.00742901 -0.39940193
   0.22237899 -0.27352204  0.00178849 -0.14759285 -0.04770641 -0.16941053
  -0.34955305  0.85712734  0.09680444 -0.8683561 ]
 [ 0.32780537 -0.15712328  0.88323746  0.20539135 -0.30082255 -0.85005485
  -0.44707085 -0.01093675  0.27884271 -0.65604747 -0.68357745  0.79078987
   0.79232756  0.03036453 -0.52782247 -0.13056658]]
  * Biases(20, 1)
[[-0.79970016]
 [ 0.77122809]
 [-0.69140397]
 [ 0.10473011]
 [-0.38919537]
 [-0.03245614]
 [ 0.33018272]
 [ 0.51398518]
 [-0.63768662]
 [-0.83257867]
 [-0.61263497]
 [ 0.72910013]
 [ 0.59903487]
 [ 0.16489985]
 [-0.01801131]
 [ 0.25892478]
 [-0.5451218 ]
 [ 0.76519361]
 [-0.13314141]
 [-0.23335214]]
  * Activations(20, 200)
[[ 0.44057927  0.44805799 -0.59646621 ... -0.22120348  0.11268923
   0.7023657 ]
 [-0.97700774 -0.97474851 -0.96887783 ... -0.92584898 -0.91398298
   1.44053048]
 [-0.03104436 -0.07122781 -0.66173872 ... -0.26015857  0.03779034
  -0.8083341 ]
 ...
 [ 0.33746792  0.37615215 -0.04204214 ...  0.41292116  0.27920081
  -0.04358282]
 [ 0.4209247   0.70509174 -0.77351484 ...  0.51879501  0.38970514
  -1.29464762]
 [-0.99331476 -0.94970946 -0.48396498 ... -1.07198899 -0.95170007
  -0.05430405]]

